# oST version 5.0 parameters


[image]

width
1280

height
720

[narrow_stereo]

camera matrix
638.006404 1.059101 633.759633
0.000000 638.981696 369.883738
0.000000 0.000000 1.000000

distortion
-0.019592 -0.056248 0.075002 -0.043589

rectification
1.000000 0.000000 0.000000
0.000000 1.000000 0.000000
0.000000 0.000000 1.000000

projection
638.006404 1.059101 633.759633 0.000000
0.000000 638.981696 369.883738 0.000000
0.000000 0.000000 1.000000 0.000000
