image_width: 1280
image_height: 720
camera_name: narrow_stereo
camera_matrix:
  rows: 3
  cols: 3
  data: [638.0064 ,   1.0591 , 633.75963,
           0.     , 638.9817 , 369.88374,
           0.     ,   0.     ,   1.     ]
distortion_model: equidistant
distortion_coefficients:
  rows: 1
  cols: 4
  data: [-0.019592, -0.056248, 0.075002, -0.043589]
rectification_matrix:
  rows: 3
  cols: 3
  data: [1., 0., 0.,
         0., 1., 0.,
         0., 0., 1.]
projection_matrix:
  rows: 3
  cols: 4
  data: [638.0064 ,   1.0591 , 633.75963,   0.     ,
           0.     , 638.9817 , 369.88374,   0.     ,
           0.     ,   0.     ,   1.     ,   0.     ]
